-48.2645880876449 -66.7641668684165 -2.05912972167247
-55.2417608178992  -30.408765241499 -52.9241551839546
-55.3209496996744 -52.6724648075075 -13.8097663990901
-69.3624259751742 -24.3080650638907 -37.3112298546491
-63.5890629344848  -22.440376788451 -52.2997549257048
-50.0786654188577 -51.4752811452549 -27.4245430253603
-60.2004826337725 -38.4208629049462 -29.1936381293064
-65.4473496807763 -36.0970990762778 -23.5263702378356
-66.4904450772414 -44.0417947471822  -6.0821200599928
-50.5860693928745 -57.7039800647274 -13.4250173704388
-70.3213712153513 -28.1881939065016 -26.7749775158115
-70.1429328650463 -42.6072703205595 -3.05939844047547
-53.8953342077487 -40.6096535683325 -38.3154279976736
-59.5254532959731 -55.9698914884868  1.00553178579058
-53.8134422790673 -59.0613947973144 -5.70211625061833
-59.4281954638606 -30.1230473155097 -44.9786105212717
-61.1630597943743 -44.8312308364118 -15.1480633544791
-50.8544744994636  -49.998298547588 -28.6819171966171
-62.1155127607983 -41.6012118075787 -20.4341468240695
-45.8495018365092 -65.5709156657606 -11.1732762190239
-59.1179116208477 -31.2201520163367 -45.2070370325854
-65.8433759740907 -29.7140161228262  -34.217462569146
-83.6181623613603 -11.2702405253221 -32.3811939923706
-55.0242911919765 -63.4979920693686  3.48814818859019
 -59.068554102745 -48.3606290223076 -15.6900633366245
 -66.973135615199 -35.6230881483757 -19.8241635457205
-66.1111007815522 -44.0390602510864  -9.0451800746991
-48.9368835950233 -49.1671128404139 -33.2848023345395
-58.8559239428793 -48.5577828293514 -15.7646032808394
-46.8672148581603 -50.1968233397709 -35.3198192816146
-57.9766898632786 -51.7869039412362 -10.3211034854158
-51.2016368209206 -47.1159516096846 -32.9726848919031
-51.2918206415791 -67.2960646725539  4.68274893786704
 -56.840569897616 -30.2508795708028 -50.8813799805364
-61.3870868198853 -23.1420641627811  -55.635409360713
-72.6754297462291 -16.6987852018257 -43.7604833452042
-78.8949014103743 -11.4735954294434 -41.4739925480089
-53.2440903537144 -40.7074607196077 -40.1260184340625
-47.2367907179343 -45.8317283180122 -42.5061378389339
-68.0254572964966  -30.267268632847 -27.9504035887421
-48.5131173152344 -59.1204928349302 -16.5986838103245
-58.4068947128892 -47.0322379721626 -16.7868402622424
   -43.3022640144  -62.355150189209 -21.0745091791809
 -41.574357788016  -70.457684214197  -10.209294605641
-59.1829749774199 -62.4848942149003  10.3625395542755
 -56.090697270575 -29.8891470554413 -54.1282351846289
-53.4597164622095 -29.0991699569481 -61.0107961460271
-54.9672489826486 -52.6612805964028 -15.5610973739794
 -57.472181169332 -24.4692817416121  -60.135238577499
-56.7875619429053 -44.2628958514243 -27.3210773085658
-57.6062857021449 -52.0002813810341 -9.62244519028031
-53.4682104560625 -53.8421462178085  -16.046716672287
-61.3137645295305 -52.2358646824637 -1.89993063358926
-60.0951470587527 -31.1310281413985  -41.827321722403
-55.5066448848327 -51.5170040575889 -14.6167530950995
-68.9167153544894 -38.0941254406799  -11.982030450876
-53.2940522860038 -39.7460094159521 -40.1123541287029
 -82.035549588512 -8.97934318611918 -37.8287587160643
-59.4739047104004 -53.4006215734873 -4.02385278726147
 -71.501910508658 -27.1553445056615 -26.7801786362253
