  1208.884420199 381.013688954011
265.554465738801 618.680426449731
908.793038422772 349.329405372084
299.466301206704 282.649315823508
147.560960727724 483.868302568249
778.719693674156 535.610036641127
576.094702318986 373.109931825191
587.032344398957 249.679094788275
846.550276745489 107.619582388207
986.900935184261 421.904862502142
448.178106310866 187.281654633441
850.798011354721 29.5926447098302
532.712401143867  543.45050095628
1079.15811950103 173.057010379621
1067.80638655759 316.620095397062
325.995226992791 495.950877739252
784.438404600165 257.242617203777
744.924444420715 530.951974328525
 691.37634175989 282.053370902192
1118.02289058128 492.501452832473
335.748114960872 504.212795170927
404.374630709694 316.629427282231
147.678322228568 9.32577303761364
1207.31340830296 235.623246259789
828.076541766282   304.2452590034
612.260154619552 193.768493049712
819.699800026156 141.418947261756
697.167414877738  591.99516989878
 831.26838094958 308.288893216013
695.758816452954 638.606843745803
923.668494940793 280.296865678964
667.355239503342  553.48963540819
1271.49977926539      285.0504943
277.914012001938 583.595191988057
130.085474797028 545.229269771477
137.528970988697 270.013956672981
75.2428597672495 151.660241291813
518.362036177372 571.609149517008
573.150039724066 686.955694196212
468.366911813245 235.160527408952
978.821828010936 482.647718352215
803.181645668935 316.485249079263
990.517856580881 600.540297725301
 1197.7946717343 553.893188767698
1247.93628830636 119.047757074013
240.220657556211 621.083120924661
171.575458389356 713.750229337462
891.252072513857 370.386054126776
116.608524368841 638.201243162572
671.911079999752  423.56776822406
